1762810765999 0.0901394933462143 0 02ecfd3f3f4d41ae863f08c1ffe60b21
1762810766309 0.07337989658117294 1 02ecfd3f3f4d41ae863f08c1ffe60b21
1762810766587 0.07199190557003021 2 02ecfd3f3f4d41ae863f08c1ffe60b21
1762810766895 0.07113748788833618 3 02ecfd3f3f4d41ae863f08c1ffe60b21
1762810767173 0.07101454585790634 4 02ecfd3f3f4d41ae863f08c1ffe60b21
1762810767422 0.06957303732633591 5 02ecfd3f3f4d41ae863f08c1ffe60b21
1762810767692 0.06941471993923187 6 02ecfd3f3f4d41ae863f08c1ffe60b21
1762810767953 0.06842534244060516 7 02ecfd3f3f4d41ae863f08c1ffe60b21
1762810768157 0.06726289540529251 8 02ecfd3f3f4d41ae863f08c1ffe60b21
1762810768361 0.0666634663939476 9 02ecfd3f3f4d41ae863f08c1ffe60b21
1762810768638 0.06632900983095169 10 02ecfd3f3f4d41ae863f08c1ffe60b21
1762810768870 0.06651052832603455 11 02ecfd3f3f4d41ae863f08c1ffe60b21
1762810769095 0.06531406193971634 12 02ecfd3f3f4d41ae863f08c1ffe60b21
1762810769318 0.06435348838567734 13 02ecfd3f3f4d41ae863f08c1ffe60b21
1762810769535 0.06311088800430298 14 02ecfd3f3f4d41ae863f08c1ffe60b21
1762810769768 0.06040915846824646 15 02ecfd3f3f4d41ae863f08c1ffe60b21
1762810770012 0.05944758281111717 16 02ecfd3f3f4d41ae863f08c1ffe60b21
1762810770286 0.05250951647758484 17 02ecfd3f3f4d41ae863f08c1ffe60b21
1762810770548 0.04430341348052025 18 02ecfd3f3f4d41ae863f08c1ffe60b21
1762810770814 0.03800690919160843 19 02ecfd3f3f4d41ae863f08c1ffe60b21
1762810771048 0.03067678213119507 20 02ecfd3f3f4d41ae863f08c1ffe60b21
1762810771304 0.02490900829434395 21 02ecfd3f3f4d41ae863f08c1ffe60b21
1762810771540 0.019141174852848053 22 02ecfd3f3f4d41ae863f08c1ffe60b21
1762810771762 0.015897171571850777 23 02ecfd3f3f4d41ae863f08c1ffe60b21
1762810771978 0.01407734677195549 24 02ecfd3f3f4d41ae863f08c1ffe60b21
1762810772277 0.014067775569856167 25 02ecfd3f3f4d41ae863f08c1ffe60b21
1762810772573 0.012509716674685478 26 02ecfd3f3f4d41ae863f08c1ffe60b21
1762810772771 0.011751240119338036 27 02ecfd3f3f4d41ae863f08c1ffe60b21
1762810772991 0.010817877016961575 28 02ecfd3f3f4d41ae863f08c1ffe60b21
1762810773211 0.012392527423799038 29 02ecfd3f3f4d41ae863f08c1ffe60b21
1762810773494 0.011597657576203346 30 02ecfd3f3f4d41ae863f08c1ffe60b21
1762810773803 0.009974800981581211 31 02ecfd3f3f4d41ae863f08c1ffe60b21
1762810774020 0.010965299792587757 32 02ecfd3f3f4d41ae863f08c1ffe60b21
1762810774251 0.009376187808811665 33 02ecfd3f3f4d41ae863f08c1ffe60b21
1762810774531 0.00939731951802969 34 02ecfd3f3f4d41ae863f08c1ffe60b21
1762810774783 0.009130335412919521 35 02ecfd3f3f4d41ae863f08c1ffe60b21
1762810775003 0.00910049956291914 36 02ecfd3f3f4d41ae863f08c1ffe60b21
1762810775220 0.009086254984140396 37 02ecfd3f3f4d41ae863f08c1ffe60b21
1762810775488 0.009419609792530537 38 02ecfd3f3f4d41ae863f08c1ffe60b21
1762810775766 0.008631105534732342 39 02ecfd3f3f4d41ae863f08c1ffe60b21
1762810775977 0.009668662212789059 40 02ecfd3f3f4d41ae863f08c1ffe60b21
1762810776230 0.008966265246272087 41 02ecfd3f3f4d41ae863f08c1ffe60b21
1762810776438 0.008700615726411343 42 02ecfd3f3f4d41ae863f08c1ffe60b21
1762810776656 0.00819544866681099 43 02ecfd3f3f4d41ae863f08c1ffe60b21
1762810776960 0.008011559955775738 44 02ecfd3f3f4d41ae863f08c1ffe60b21
1762810777176 0.008108118548989296 45 02ecfd3f3f4d41ae863f08c1ffe60b21
1762810777370 0.008195465430617332 46 02ecfd3f3f4d41ae863f08c1ffe60b21
1762810777592 0.008154978044331074 47 02ecfd3f3f4d41ae863f08c1ffe60b21
1762810777794 0.007354889065027237 48 02ecfd3f3f4d41ae863f08c1ffe60b21
1762810778056 0.007776457350701094 49 02ecfd3f3f4d41ae863f08c1ffe60b21
1762810778275 0.007374804932624102 50 02ecfd3f3f4d41ae863f08c1ffe60b21
1762810778533 0.007676515728235245 51 02ecfd3f3f4d41ae863f08c1ffe60b21
1762810778730 0.007246905006468296 52 02ecfd3f3f4d41ae863f08c1ffe60b21
1762810778930 0.007471758406609297 53 02ecfd3f3f4d41ae863f08c1ffe60b21
1762810779196 0.0077110640704631805 54 02ecfd3f3f4d41ae863f08c1ffe60b21
1762810779410 0.006957508157938719 55 02ecfd3f3f4d41ae863f08c1ffe60b21
1762810779596 0.006697482895106077 56 02ecfd3f3f4d41ae863f08c1ffe60b21
1762810779806 0.007597296964377165 57 02ecfd3f3f4d41ae863f08c1ffe60b21
1762810779996 0.007256999146193266 58 02ecfd3f3f4d41ae863f08c1ffe60b21
1762810780228 0.007261866703629494 59 02ecfd3f3f4d41ae863f08c1ffe60b21
1762810780486 0.006645919755101204 60 02ecfd3f3f4d41ae863f08c1ffe60b21
1762810780724 0.0069957091473042965 61 02ecfd3f3f4d41ae863f08c1ffe60b21
1762810780932 0.0075483559630811214 62 02ecfd3f3f4d41ae863f08c1ffe60b21
1762810781201 0.006948048248887062 63 02ecfd3f3f4d41ae863f08c1ffe60b21
1762810781470 0.006704556290060282 64 02ecfd3f3f4d41ae863f08c1ffe60b21
1762810781727 0.0067638517357409 65 02ecfd3f3f4d41ae863f08c1ffe60b21
1762810781979 0.006754182279109955 66 02ecfd3f3f4d41ae863f08c1ffe60b21
1762810782258 0.006991012021899223 67 02ecfd3f3f4d41ae863f08c1ffe60b21
1762810782515 0.007322693709284067 68 02ecfd3f3f4d41ae863f08c1ffe60b21
1762810782758 0.007834186777472496 69 02ecfd3f3f4d41ae863f08c1ffe60b21
1762810782976 0.0063710990361869335 70 02ecfd3f3f4d41ae863f08c1ffe60b21
1762810783174 0.007471498567610979 71 02ecfd3f3f4d41ae863f08c1ffe60b21
1762810783467 0.006294177379459143 72 02ecfd3f3f4d41ae863f08c1ffe60b21
1762810783710 0.006090848241001368 73 02ecfd3f3f4d41ae863f08c1ffe60b21
1762810783903 0.0068349288776516914 74 02ecfd3f3f4d41ae863f08c1ffe60b21
1762810784114 0.006978979799896479 75 02ecfd3f3f4d41ae863f08c1ffe60b21
1762810784309 0.006286785006523132 76 02ecfd3f3f4d41ae863f08c1ffe60b21
1762810784581 0.006213328801095486 77 02ecfd3f3f4d41ae863f08c1ffe60b21
1762810784792 0.006400544662028551 78 02ecfd3f3f4d41ae863f08c1ffe60b21
1762810785003 0.006868079304695129 79 02ecfd3f3f4d41ae863f08c1ffe60b21
1762810785200 0.006303437054157257 80 02ecfd3f3f4d41ae863f08c1ffe60b21
1762810785392 0.006219956092536449 81 02ecfd3f3f4d41ae863f08c1ffe60b21
1762810785627 0.006348751485347748 82 02ecfd3f3f4d41ae863f08c1ffe60b21
1762810785876 0.005904996767640114 83 02ecfd3f3f4d41ae863f08c1ffe60b21
1762810786091 0.006345244124531746 84 02ecfd3f3f4d41ae863f08c1ffe60b21
1762810786286 0.006259268615394831 85 02ecfd3f3f4d41ae863f08c1ffe60b21
1762810786486 0.006101198028773069 86 02ecfd3f3f4d41ae863f08c1ffe60b21
1762810786688 0.005918731447309256 87 02ecfd3f3f4d41ae863f08c1ffe60b21
1762810786935 0.005967217031866312 88 02ecfd3f3f4d41ae863f08c1ffe60b21
1762810787166 0.0057863472029566765 89 02ecfd3f3f4d41ae863f08c1ffe60b21
1762810787370 0.005305871367454529 90 02ecfd3f3f4d41ae863f08c1ffe60b21
1762810787563 0.006023817230015993 91 02ecfd3f3f4d41ae863f08c1ffe60b21
1762810787757 0.0063815307803452015 92 02ecfd3f3f4d41ae863f08c1ffe60b21
1762810787988 0.005770923104137182 93 02ecfd3f3f4d41ae863f08c1ffe60b21
1762810788206 0.00584052549675107 94 02ecfd3f3f4d41ae863f08c1ffe60b21
1762810788408 0.0055350009351968765 95 02ecfd3f3f4d41ae863f08c1ffe60b21
1762810788606 0.005127354059368372 96 02ecfd3f3f4d41ae863f08c1ffe60b21
1762810788977 0.005626968573778868 97 02ecfd3f3f4d41ae863f08c1ffe60b21
1762810789248 0.005533609073609114 98 02ecfd3f3f4d41ae863f08c1ffe60b21
1762810789478 0.004993755836039782 99 02ecfd3f3f4d41ae863f08c1ffe60b21
1762810765999 0.0901394933462143 0 02ecfd3f3f4d41ae863f08c1ffe60b21
