1762810765999 0.24923443794250488 0 02ecfd3f3f4d41ae863f08c1ffe60b21
1762810766309 0.22834666073322296 1 02ecfd3f3f4d41ae863f08c1ffe60b21
1762810766587 0.22759315371513367 2 02ecfd3f3f4d41ae863f08c1ffe60b21
1762810766895 0.22675125300884247 3 02ecfd3f3f4d41ae863f08c1ffe60b21
1762810767173 0.22731852531433105 4 02ecfd3f3f4d41ae863f08c1ffe60b21
1762810767422 0.22478297352790833 5 02ecfd3f3f4d41ae863f08c1ffe60b21
1762810767692 0.2247074693441391 6 02ecfd3f3f4d41ae863f08c1ffe60b21
1762810767953 0.2228204607963562 7 02ecfd3f3f4d41ae863f08c1ffe60b21
1762810768157 0.2215026617050171 8 02ecfd3f3f4d41ae863f08c1ffe60b21
1762810768361 0.22030644118785858 9 02ecfd3f3f4d41ae863f08c1ffe60b21
1762810768638 0.21936413645744324 10 02ecfd3f3f4d41ae863f08c1ffe60b21
1762810768870 0.22030089795589447 11 02ecfd3f3f4d41ae863f08c1ffe60b21
1762810769095 0.2177588939666748 12 02ecfd3f3f4d41ae863f08c1ffe60b21
1762810769318 0.21736910939216614 13 02ecfd3f3f4d41ae863f08c1ffe60b21
1762810769535 0.21378351747989655 14 02ecfd3f3f4d41ae863f08c1ffe60b21
1762810769768 0.20967142283916473 15 02ecfd3f3f4d41ae863f08c1ffe60b21
1762810770012 0.20754018425941467 16 02ecfd3f3f4d41ae863f08c1ffe60b21
1762810770286 0.19215936958789825 17 02ecfd3f3f4d41ae863f08c1ffe60b21
1762810770548 0.17531156539916992 18 02ecfd3f3f4d41ae863f08c1ffe60b21
1762810770814 0.1623714715242386 19 02ecfd3f3f4d41ae863f08c1ffe60b21
1762810771048 0.14318259060382843 20 02ecfd3f3f4d41ae863f08c1ffe60b21
1762810771304 0.12596751749515533 21 02ecfd3f3f4d41ae863f08c1ffe60b21
1762810771540 0.10890239477157593 22 02ecfd3f3f4d41ae863f08c1ffe60b21
1762810771762 0.09778834134340286 23 02ecfd3f3f4d41ae863f08c1ffe60b21
1762810771978 0.09296280145645142 24 02ecfd3f3f4d41ae863f08c1ffe60b21
1762810772277 0.0923493430018425 25 02ecfd3f3f4d41ae863f08c1ffe60b21
1762810772573 0.08580286800861359 26 02ecfd3f3f4d41ae863f08c1ffe60b21
1762810772771 0.08347271382808685 27 02ecfd3f3f4d41ae863f08c1ffe60b21
1762810772991 0.07992158085107803 28 02ecfd3f3f4d41ae863f08c1ffe60b21
1762810773211 0.08735457062721252 29 02ecfd3f3f4d41ae863f08c1ffe60b21
1762810773494 0.08416884392499924 30 02ecfd3f3f4d41ae863f08c1ffe60b21
1762810773803 0.07703635841608047 31 02ecfd3f3f4d41ae863f08c1ffe60b21
1762810774020 0.08221074193716049 32 02ecfd3f3f4d41ae863f08c1ffe60b21
1762810774251 0.07400982081890106 33 02ecfd3f3f4d41ae863f08c1ffe60b21
1762810774531 0.07393871992826462 34 02ecfd3f3f4d41ae863f08c1ffe60b21
1762810774783 0.07285309582948685 35 02ecfd3f3f4d41ae863f08c1ffe60b21
1762810775003 0.07391836494207382 36 02ecfd3f3f4d41ae863f08c1ffe60b21
1762810775220 0.0733490139245987 37 02ecfd3f3f4d41ae863f08c1ffe60b21
1762810775488 0.07406239211559296 38 02ecfd3f3f4d41ae863f08c1ffe60b21
1762810775766 0.07116822153329849 39 02ecfd3f3f4d41ae863f08c1ffe60b21
1762810775977 0.07526807487010956 40 02ecfd3f3f4d41ae863f08c1ffe60b21
1762810776230 0.07296200096607208 41 02ecfd3f3f4d41ae863f08c1ffe60b21
1762810776438 0.07161232084035873 42 02ecfd3f3f4d41ae863f08c1ffe60b21
1762810776656 0.06925760209560394 43 02ecfd3f3f4d41ae863f08c1ffe60b21
1762810776960 0.06880191713571548 44 02ecfd3f3f4d41ae863f08c1ffe60b21
1762810777176 0.0696362629532814 45 02ecfd3f3f4d41ae863f08c1ffe60b21
1762810777370 0.06888944655656815 46 02ecfd3f3f4d41ae863f08c1ffe60b21
1762810777592 0.06893623620271683 47 02ecfd3f3f4d41ae863f08c1ffe60b21
1762810777794 0.06613406538963318 48 02ecfd3f3f4d41ae863f08c1ffe60b21
1762810778056 0.0675094723701477 49 02ecfd3f3f4d41ae863f08c1ffe60b21
1762810778275 0.06662575900554657 50 02ecfd3f3f4d41ae863f08c1ffe60b21
1762810778533 0.06678479164838791 51 02ecfd3f3f4d41ae863f08c1ffe60b21
1762810778730 0.06626410037279129 52 02ecfd3f3f4d41ae863f08c1ffe60b21
1762810778930 0.06619531661272049 53 02ecfd3f3f4d41ae863f08c1ffe60b21
1762810779196 0.06816533207893372 54 02ecfd3f3f4d41ae863f08c1ffe60b21
1762810779410 0.06462954729795456 55 02ecfd3f3f4d41ae863f08c1ffe60b21
1762810779596 0.06390250474214554 56 02ecfd3f3f4d41ae863f08c1ffe60b21
1762810779806 0.06752889603376389 57 02ecfd3f3f4d41ae863f08c1ffe60b21
1762810779996 0.06613302230834961 58 02ecfd3f3f4d41ae863f08c1ffe60b21
1762810780228 0.06510110944509506 59 02ecfd3f3f4d41ae863f08c1ffe60b21
1762810780486 0.0624719001352787 60 02ecfd3f3f4d41ae863f08c1ffe60b21
1762810780724 0.0644179955124855 61 02ecfd3f3f4d41ae863f08c1ffe60b21
1762810780932 0.06715206056833267 62 02ecfd3f3f4d41ae863f08c1ffe60b21
1762810781201 0.06468058377504349 63 02ecfd3f3f4d41ae863f08c1ffe60b21
1762810781470 0.06300628930330276 64 02ecfd3f3f4d41ae863f08c1ffe60b21
1762810781727 0.06344480812549591 65 02ecfd3f3f4d41ae863f08c1ffe60b21
1762810781979 0.06308505684137344 66 02ecfd3f3f4d41ae863f08c1ffe60b21
1762810782258 0.06467914581298828 67 02ecfd3f3f4d41ae863f08c1ffe60b21
1762810782515 0.06611526012420654 68 02ecfd3f3f4d41ae863f08c1ffe60b21
1762810782758 0.06900588423013687 69 02ecfd3f3f4d41ae863f08c1ffe60b21
1762810782976 0.06127839908003807 70 02ecfd3f3f4d41ae863f08c1ffe60b21
1762810783174 0.06652326881885529 71 02ecfd3f3f4d41ae863f08c1ffe60b21
1762810783467 0.06108526140451431 72 02ecfd3f3f4d41ae863f08c1ffe60b21
1762810783710 0.05987437069416046 73 02ecfd3f3f4d41ae863f08c1ffe60b21
1762810783903 0.0635443851351738 74 02ecfd3f3f4d41ae863f08c1ffe60b21
1762810784114 0.06482198089361191 75 02ecfd3f3f4d41ae863f08c1ffe60b21
1762810784309 0.06088405102491379 76 02ecfd3f3f4d41ae863f08c1ffe60b21
1762810784581 0.06069187819957733 77 02ecfd3f3f4d41ae863f08c1ffe60b21
1762810784792 0.061419691890478134 78 02ecfd3f3f4d41ae863f08c1ffe60b21
1762810785003 0.06527185440063477 79 02ecfd3f3f4d41ae863f08c1ffe60b21
1762810785200 0.06073560565710068 80 02ecfd3f3f4d41ae863f08c1ffe60b21
1762810785392 0.06087126582860947 81 02ecfd3f3f4d41ae863f08c1ffe60b21
1762810785627 0.06152278184890747 82 02ecfd3f3f4d41ae863f08c1ffe60b21
1762810785876 0.05889008939266205 83 02ecfd3f3f4d41ae863f08c1ffe60b21
1762810786091 0.06127568706870079 84 02ecfd3f3f4d41ae863f08c1ffe60b21
1762810786286 0.06064658984541893 85 02ecfd3f3f4d41ae863f08c1ffe60b21
1762810786486 0.06039288267493248 86 02ecfd3f3f4d41ae863f08c1ffe60b21
1762810786688 0.05824172496795654 87 02ecfd3f3f4d41ae863f08c1ffe60b21
1762810786935 0.058630917221307755 88 02ecfd3f3f4d41ae863f08c1ffe60b21
1762810787166 0.05875089019536972 89 02ecfd3f3f4d41ae863f08c1ffe60b21
1762810787370 0.0554681159555912 90 02ecfd3f3f4d41ae863f08c1ffe60b21
1762810787563 0.05886789411306381 91 02ecfd3f3f4d41ae863f08c1ffe60b21
1762810787757 0.06163856387138367 92 02ecfd3f3f4d41ae863f08c1ffe60b21
1762810787988 0.058264587074518204 93 02ecfd3f3f4d41ae863f08c1ffe60b21
1762810788206 0.058172695338726044 94 02ecfd3f3f4d41ae863f08c1ffe60b21
1762810788408 0.05750970169901848 95 02ecfd3f3f4d41ae863f08c1ffe60b21
1762810788606 0.054500896483659744 96 02ecfd3f3f4d41ae863f08c1ffe60b21
1762810788977 0.05698573961853981 97 02ecfd3f3f4d41ae863f08c1ffe60b21
1762810789248 0.05661974102258682 98 02ecfd3f3f4d41ae863f08c1ffe60b21
1762810789478 0.05370311811566353 99 02ecfd3f3f4d41ae863f08c1ffe60b21
1762810765999 0.24923443794250488 0 02ecfd3f3f4d41ae863f08c1ffe60b21
