1762815295805 0.11970696598291397 0 48373e1885944935a3806892f6b89a14
1762815296076 0.0982980951666832 1 48373e1885944935a3806892f6b89a14
1762815296349 0.08960095047950745 2 48373e1885944935a3806892f6b89a14
1762815296618 0.08469228446483612 3 48373e1885944935a3806892f6b89a14
1762815296876 0.08391933143138885 4 48373e1885944935a3806892f6b89a14
1762815297103 0.07984138280153275 5 48373e1885944935a3806892f6b89a14
1762815297348 0.07945004105567932 6 48373e1885944935a3806892f6b89a14
1762815297630 0.07788890600204468 7 48373e1885944935a3806892f6b89a14
1762815297871 0.07549132406711578 8 48373e1885944935a3806892f6b89a14
1762815298091 0.07459860295057297 9 48373e1885944935a3806892f6b89a14
1762815298314 0.07374352216720581 10 48373e1885944935a3806892f6b89a14
1762815298561 0.07091017812490463 11 48373e1885944935a3806892f6b89a14
1762815298790 0.06598322093486786 12 48373e1885944935a3806892f6b89a14
1762815299065 0.06352906674146652 13 48373e1885944935a3806892f6b89a14
1762815299326 0.06107937544584274 14 48373e1885944935a3806892f6b89a14
1762815299548 0.05592039227485657 15 48373e1885944935a3806892f6b89a14
1762815299845 0.04705721512436867 16 48373e1885944935a3806892f6b89a14
1762815300155 0.04130518436431885 17 48373e1885944935a3806892f6b89a14
1762815300383 0.03558173403143883 18 48373e1885944935a3806892f6b89a14
1762815300675 0.0306369848549366 19 48373e1885944935a3806892f6b89a14
1762815300910 0.025404412299394608 20 48373e1885944935a3806892f6b89a14
1762815301219 0.023667244240641594 21 48373e1885944935a3806892f6b89a14
1762815301501 0.02143181674182415 22 48373e1885944935a3806892f6b89a14
1762815301765 0.019288502633571625 23 48373e1885944935a3806892f6b89a14
1762815302031 0.018235089257359505 24 48373e1885944935a3806892f6b89a14
1762815302334 0.016987161710858345 25 48373e1885944935a3806892f6b89a14
1762815302593 0.016641123220324516 26 48373e1885944935a3806892f6b89a14
1762815302846 0.014952614903450012 27 48373e1885944935a3806892f6b89a14
1762815303073 0.014365137554705143 28 48373e1885944935a3806892f6b89a14
1762815303352 0.014134624972939491 29 48373e1885944935a3806892f6b89a14
1762815303642 0.013922128826379776 30 48373e1885944935a3806892f6b89a14
1762815303937 0.012769414111971855 31 48373e1885944935a3806892f6b89a14
1762815304188 0.012461691163480282 32 48373e1885944935a3806892f6b89a14
1762815304439 0.011251955293118954 33 48373e1885944935a3806892f6b89a14
1762815304734 0.0100881177932024 34 48373e1885944935a3806892f6b89a14
1762815304986 0.010404339991509914 35 48373e1885944935a3806892f6b89a14
1762815305226 0.010771531611680984 36 48373e1885944935a3806892f6b89a14
1762815305430 0.010061845183372498 37 48373e1885944935a3806892f6b89a14
1762815305666 0.009471619501709938 38 48373e1885944935a3806892f6b89a14
1762815305931 0.00978188868612051 39 48373e1885944935a3806892f6b89a14
1762815306204 0.00861640926450491 40 48373e1885944935a3806892f6b89a14
1762815306474 0.009603789076209068 41 48373e1885944935a3806892f6b89a14
1762815306775 0.008156057447195053 42 48373e1885944935a3806892f6b89a14
1762815307035 0.00817292183637619 43 48373e1885944935a3806892f6b89a14
1762815307264 0.008026770316064358 44 48373e1885944935a3806892f6b89a14
1762815307507 0.007192789111286402 45 48373e1885944935a3806892f6b89a14
1762815307700 0.007734851911664009 46 48373e1885944935a3806892f6b89a14
1762815307935 0.0076920571736991405 47 48373e1885944935a3806892f6b89a14
1762815308172 0.00741163082420826 48 48373e1885944935a3806892f6b89a14
1762815308388 0.007107068784534931 49 48373e1885944935a3806892f6b89a14
1762815308606 0.006547282915562391 50 48373e1885944935a3806892f6b89a14
1762815308829 0.0064206598326563835 51 48373e1885944935a3806892f6b89a14
1762815309077 0.006551684346050024 52 48373e1885944935a3806892f6b89a14
1762815309320 0.007904158905148506 53 48373e1885944935a3806892f6b89a14
1762815309533 0.006661166436970234 54 48373e1885944935a3806892f6b89a14
1762815309776 0.006035964470356703 55 48373e1885944935a3806892f6b89a14
1762815309984 0.00618276372551918 56 48373e1885944935a3806892f6b89a14
1762815310230 0.006297868676483631 57 48373e1885944935a3806892f6b89a14
1762815310461 0.006552870851010084 58 48373e1885944935a3806892f6b89a14
1762815310702 0.005601908080279827 59 48373e1885944935a3806892f6b89a14
1762815310898 0.005527777597308159 60 48373e1885944935a3806892f6b89a14
1762815311145 0.0055642323568463326 61 48373e1885944935a3806892f6b89a14
1762815311399 0.005705149378627539 62 48373e1885944935a3806892f6b89a14
1762815311650 0.005688043311238289 63 48373e1885944935a3806892f6b89a14
1762815311856 0.005518711172044277 64 48373e1885944935a3806892f6b89a14
1762815312100 0.005776367615908384 65 48373e1885944935a3806892f6b89a14
1762815312305 0.005380562040954828 66 48373e1885944935a3806892f6b89a14
1762815312587 0.00540924072265625 67 48373e1885944935a3806892f6b89a14
1762815312788 0.0054908390156924725 68 48373e1885944935a3806892f6b89a14
1762815313016 0.005389386788010597 69 48373e1885944935a3806892f6b89a14
1762815313265 0.006000034976750612 70 48373e1885944935a3806892f6b89a14
1762815313517 0.005675976164638996 71 48373e1885944935a3806892f6b89a14
1762815313765 0.00540187070146203 72 48373e1885944935a3806892f6b89a14
1762815313973 0.005322745069861412 73 48373e1885944935a3806892f6b89a14
1762815314189 0.005201238673180342 74 48373e1885944935a3806892f6b89a14
1762815314378 0.00500980531796813 75 48373e1885944935a3806892f6b89a14
1762815314583 0.004794450476765633 76 48373e1885944935a3806892f6b89a14
1762815314835 0.004412292968481779 77 48373e1885944935a3806892f6b89a14
1762815315070 0.004705502651631832 78 48373e1885944935a3806892f6b89a14
1762815315286 0.004773828666657209 79 48373e1885944935a3806892f6b89a14
1762815315492 0.004354461096227169 80 48373e1885944935a3806892f6b89a14
1762815315740 0.004378230776637793 81 48373e1885944935a3806892f6b89a14
1762815315992 0.003949107136577368 82 48373e1885944935a3806892f6b89a14
1762815316200 0.0046221110969781876 83 48373e1885944935a3806892f6b89a14
1762815316396 0.004597916733473539 84 48373e1885944935a3806892f6b89a14
1762815316587 0.004468637052923441 85 48373e1885944935a3806892f6b89a14
1762815316810 0.0042639500461518764 86 48373e1885944935a3806892f6b89a14
1762815317035 0.004042783286422491 87 48373e1885944935a3806892f6b89a14
1762815317247 0.00448529701679945 88 48373e1885944935a3806892f6b89a14
1762815317469 0.004398886114358902 89 48373e1885944935a3806892f6b89a14
1762815317673 0.003925869707018137 90 48373e1885944935a3806892f6b89a14
1762815317944 0.004298868123441935 91 48373e1885944935a3806892f6b89a14
1762815318169 0.0046773687936365604 92 48373e1885944935a3806892f6b89a14
1762815318375 0.003986536990851164 93 48373e1885944935a3806892f6b89a14
1762815318591 0.003984628710895777 94 48373e1885944935a3806892f6b89a14
1762815318859 0.004118982702493668 95 48373e1885944935a3806892f6b89a14
1762815319076 0.003925556316971779 96 48373e1885944935a3806892f6b89a14
1762815319287 0.004058034624904394 97 48373e1885944935a3806892f6b89a14
1762815319527 0.004081910941749811 98 48373e1885944935a3806892f6b89a14
1762815319732 0.003785564564168453 99 48373e1885944935a3806892f6b89a14
1762815295805 0.11970696598291397 0 48373e1885944935a3806892f6b89a14
