1762815295805 0.2811656892299652 0 48373e1885944935a3806892f6b89a14
1762815296076 0.2605360448360443 1 48373e1885944935a3806892f6b89a14
1762815296349 0.2489115446805954 2 48373e1885944935a3806892f6b89a14
1762815296618 0.24412597715854645 3 48373e1885944935a3806892f6b89a14
1762815296876 0.2422286719083786 4 48373e1885944935a3806892f6b89a14
1762815297103 0.23738738894462585 5 48373e1885944935a3806892f6b89a14
1762815297348 0.23580215871334076 6 48373e1885944935a3806892f6b89a14
1762815297630 0.23543789982795715 7 48373e1885944935a3806892f6b89a14
1762815297871 0.2306486815214157 8 48373e1885944935a3806892f6b89a14
1762815298091 0.22992666065692902 9 48373e1885944935a3806892f6b89a14
1762815298314 0.22933851182460785 10 48373e1885944935a3806892f6b89a14
1762815298561 0.22560904920101166 11 48373e1885944935a3806892f6b89a14
1762815298790 0.21543334424495697 12 48373e1885944935a3806892f6b89a14
1762815299065 0.21159888803958893 13 48373e1885944935a3806892f6b89a14
1762815299326 0.20792840421199799 14 48373e1885944935a3806892f6b89a14
1762815299548 0.19687838852405548 15 48373e1885944935a3806892f6b89a14
1762815299845 0.17940370738506317 16 48373e1885944935a3806892f6b89a14
1762815300155 0.1673664152622223 17 48373e1885944935a3806892f6b89a14
1762815300383 0.1535828411579132 18 48373e1885944935a3806892f6b89a14
1762815300675 0.14123913645744324 19 48373e1885944935a3806892f6b89a14
1762815300910 0.12606781721115112 20 48373e1885944935a3806892f6b89a14
1762815301219 0.12181911617517471 21 48373e1885944935a3806892f6b89a14
1762815301501 0.11364134401082993 22 48373e1885944935a3806892f6b89a14
1762815301765 0.10888945311307907 23 48373e1885944935a3806892f6b89a14
1762815302031 0.10499761998653412 24 48373e1885944935a3806892f6b89a14
1762815302334 0.10145237296819687 25 48373e1885944935a3806892f6b89a14
1762815302593 0.09935681521892548 26 48373e1885944935a3806892f6b89a14
1762815302846 0.09507252275943756 27 48373e1885944935a3806892f6b89a14
1762815303073 0.09237391501665115 28 48373e1885944935a3806892f6b89a14
1762815303352 0.09093700349330902 29 48373e1885944935a3806892f6b89a14
1762815303642 0.09163013100624084 30 48373e1885944935a3806892f6b89a14
1762815303937 0.08721674978733063 31 48373e1885944935a3806892f6b89a14
1762815304188 0.08599294722080231 32 48373e1885944935a3806892f6b89a14
1762815304439 0.08195951581001282 33 48373e1885944935a3806892f6b89a14
1762815304734 0.0785602331161499 34 48373e1885944935a3806892f6b89a14
1762815304986 0.07936794310808182 35 48373e1885944935a3806892f6b89a14
1762815305226 0.08100619167089462 36 48373e1885944935a3806892f6b89a14
1762815305430 0.07783398032188416 37 48373e1885944935a3806892f6b89a14
1762815305666 0.07570536434650421 38 48373e1885944935a3806892f6b89a14
1762815305931 0.07748235762119293 39 48373e1885944935a3806892f6b89a14
1762815306204 0.07212429493665695 40 48373e1885944935a3806892f6b89a14
1762815306474 0.0763271227478981 41 48373e1885944935a3806892f6b89a14
1762815306775 0.0702337846159935 42 48373e1885944935a3806892f6b89a14
1762815307035 0.06920862197875977 43 48373e1885944935a3806892f6b89a14
1762815307264 0.06916333734989166 44 48373e1885944935a3806892f6b89a14
1762815307507 0.06544721871614456 45 48373e1885944935a3806892f6b89a14
1762815307700 0.06758591532707214 46 48373e1885944935a3806892f6b89a14
1762815307935 0.06765913963317871 47 48373e1885944935a3806892f6b89a14
1762815308172 0.06646982580423355 48 48373e1885944935a3806892f6b89a14
1762815308388 0.06505278497934341 49 48373e1885944935a3806892f6b89a14
1762815308606 0.06273972988128662 50 48373e1885944935a3806892f6b89a14
1762815308829 0.06172703579068184 51 48373e1885944935a3806892f6b89a14
1762815309077 0.06206582486629486 52 48373e1885944935a3806892f6b89a14
1762815309320 0.0690440908074379 53 48373e1885944935a3806892f6b89a14
1762815309533 0.0629839077591896 54 48373e1885944935a3806892f6b89a14
1762815309776 0.058965232223272324 55 48373e1885944935a3806892f6b89a14
1762815309984 0.06046714633703232 56 48373e1885944935a3806892f6b89a14
1762815310230 0.061406396329402924 57 48373e1885944935a3806892f6b89a14
1762815310461 0.06351221352815628 58 48373e1885944935a3806892f6b89a14
1762815310702 0.05792609602212906 59 48373e1885944935a3806892f6b89a14
1762815310898 0.057658601552248 60 48373e1885944935a3806892f6b89a14
1762815311145 0.057589106261730194 61 48373e1885944935a3806892f6b89a14
1762815311399 0.05869567394256592 62 48373e1885944935a3806892f6b89a14
1762815311650 0.05873602628707886 63 48373e1885944935a3806892f6b89a14
1762815311856 0.05712523311376572 64 48373e1885944935a3806892f6b89a14
1762815312100 0.058452073484659195 65 48373e1885944935a3806892f6b89a14
1762815312305 0.05632444843649864 66 48373e1885944935a3806892f6b89a14
1762815312587 0.05704309418797493 67 48373e1885944935a3806892f6b89a14
1762815312788 0.05599622800946236 68 48373e1885944935a3806892f6b89a14
1762815313016 0.05664525926113129 69 48373e1885944935a3806892f6b89a14
1762815313265 0.06065370514988899 70 48373e1885944935a3806892f6b89a14
1762815313517 0.058216165751218796 71 48373e1885944935a3806892f6b89a14
1762815313765 0.05694616958498955 72 48373e1885944935a3806892f6b89a14
1762815313973 0.05697803571820259 73 48373e1885944935a3806892f6b89a14
1762815314189 0.05560217425227165 74 48373e1885944935a3806892f6b89a14
1762815314378 0.05461364611983299 75 48373e1885944935a3806892f6b89a14
1762815314583 0.05236770585179329 76 48373e1885944935a3806892f6b89a14
1762815314835 0.05155454948544502 77 48373e1885944935a3806892f6b89a14
1762815315070 0.05186949297785759 78 48373e1885944935a3806892f6b89a14
1762815315286 0.05263349413871765 79 48373e1885944935a3806892f6b89a14
1762815315492 0.050468526780605316 80 48373e1885944935a3806892f6b89a14
1762815315740 0.051379814743995667 81 48373e1885944935a3806892f6b89a14
1762815315992 0.04792671650648117 82 48373e1885944935a3806892f6b89a14
1762815316200 0.05270535498857498 83 48373e1885944935a3806892f6b89a14
1762815316396 0.05253780633211136 84 48373e1885944935a3806892f6b89a14
1762815316587 0.05130528658628464 85 48373e1885944935a3806892f6b89a14
1762815316810 0.049715928733348846 86 48373e1885944935a3806892f6b89a14
1762815317035 0.04858747497200966 87 48373e1885944935a3806892f6b89a14
1762815317247 0.05186907574534416 88 48373e1885944935a3806892f6b89a14
1762815317469 0.05066445842385292 89 48373e1885944935a3806892f6b89a14
1762815317673 0.047917440533638 90 48373e1885944935a3806892f6b89a14
1762815317944 0.049355827271938324 91 48373e1885944935a3806892f6b89a14
1762815318169 0.05357184261083603 92 48373e1885944935a3806892f6b89a14
1762815318375 0.048590078949928284 93 48373e1885944935a3806892f6b89a14
1762815318591 0.04813950136303902 94 48373e1885944935a3806892f6b89a14
1762815318859 0.04938309267163277 95 48373e1885944935a3806892f6b89a14
1762815319076 0.04830779880285263 96 48373e1885944935a3806892f6b89a14
1762815319287 0.04852062091231346 97 48373e1885944935a3806892f6b89a14
1762815319527 0.04988248646259308 98 48373e1885944935a3806892f6b89a14
1762815319732 0.046873945742845535 99 48373e1885944935a3806892f6b89a14
1762815295805 0.2811656892299652 0 48373e1885944935a3806892f6b89a14
